"","reference_date","location","horizon","target","target_end_date","output_type","output_type_id","value"
"1",2025-02-01,"Bronx",0,"ILI ED visits",2025-02-01,"quantile",0.025,1091
"2",2025-02-01,"Bronx",0,"ILI ED visits",2025-02-01,"quantile",0.05,1153.95
"3",2025-02-01,"Bronx",0,"ILI ED visits",2025-02-01,"quantile",0.1,1229
"4",2025-02-01,"Bronx",0,"ILI ED visits",2025-02-01,"quantile",0.25,1362
"5",2025-02-01,"Bronx",0,"ILI ED visits",2025-02-01,"quantile",0.5,1549
"6",2025-02-01,"Bronx",0,"ILI ED visits",2025-02-01,"quantile",0.75,1754
"7",2025-02-01,"Bronx",0,"ILI ED visits",2025-02-01,"quantile",0.9,1956
"8",2025-02-01,"Bronx",0,"ILI ED visits",2025-02-01,"quantile",0.95,2091.05
"9",2025-02-01,"Bronx",0,"ILI ED visits",2025-02-01,"quantile",0.975,2223.075
"10",2025-02-01,"Brooklyn",0,"ILI ED visits",2025-02-01,"quantile",0.025,1186.975
"11",2025-02-01,"Brooklyn",0,"ILI ED visits",2025-02-01,"quantile",0.05,1255
"12",2025-02-01,"Brooklyn",0,"ILI ED visits",2025-02-01,"quantile",0.1,1339
"13",2025-02-01,"Brooklyn",0,"ILI ED visits",2025-02-01,"quantile",0.25,1502
"14",2025-02-01,"Brooklyn",0,"ILI ED visits",2025-02-01,"quantile",0.5,1703
"15",2025-02-01,"Brooklyn",0,"ILI ED visits",2025-02-01,"quantile",0.75,1920
"16",2025-02-01,"Brooklyn",0,"ILI ED visits",2025-02-01,"quantile",0.9,2148
"17",2025-02-01,"Brooklyn",0,"ILI ED visits",2025-02-01,"quantile",0.95,2286.1
"18",2025-02-01,"Brooklyn",0,"ILI ED visits",2025-02-01,"quantile",0.975,2424.025
"19",2025-02-01,"Manhattan",0,"ILI ED visits",2025-02-01,"quantile",0.025,627
"20",2025-02-01,"Manhattan",0,"ILI ED visits",2025-02-01,"quantile",0.05,669
"21",2025-02-01,"Manhattan",0,"ILI ED visits",2025-02-01,"quantile",0.1,718
"22",2025-02-01,"Manhattan",0,"ILI ED visits",2025-02-01,"quantile",0.25,804
"23",2025-02-01,"Manhattan",0,"ILI ED visits",2025-02-01,"quantile",0.5,911
"24",2025-02-01,"Manhattan",0,"ILI ED visits",2025-02-01,"quantile",0.75,1029
"25",2025-02-01,"Manhattan",0,"ILI ED visits",2025-02-01,"quantile",0.9,1154
"26",2025-02-01,"Manhattan",0,"ILI ED visits",2025-02-01,"quantile",0.95,1227
"27",2025-02-01,"Manhattan",0,"ILI ED visits",2025-02-01,"quantile",0.975,1301
"28",2025-02-01,"NYC",0,"ILI ED visits",2025-02-01,"quantile",0.025,4570.975
"29",2025-02-01,"NYC",0,"ILI ED visits",2025-02-01,"quantile",0.05,4842.95
"30",2025-02-01,"NYC",0,"ILI ED visits",2025-02-01,"quantile",0.1,5151.8
"31",2025-02-01,"NYC",0,"ILI ED visits",2025-02-01,"quantile",0.25,5754
"32",2025-02-01,"NYC",0,"ILI ED visits",2025-02-01,"quantile",0.5,6481.5
"33",2025-02-01,"NYC",0,"ILI ED visits",2025-02-01,"quantile",0.75,7339
"34",2025-02-01,"NYC",0,"ILI ED visits",2025-02-01,"quantile",0.9,8179
"35",2025-02-01,"NYC",0,"ILI ED visits",2025-02-01,"quantile",0.95,8681.35
"36",2025-02-01,"NYC",0,"ILI ED visits",2025-02-01,"quantile",0.975,9230.325
"37",2025-02-01,"Queens",0,"ILI ED visits",2025-02-01,"quantile",0.025,1314.925
"38",2025-02-01,"Queens",0,"ILI ED visits",2025-02-01,"quantile",0.05,1402.95
"39",2025-02-01,"Queens",0,"ILI ED visits",2025-02-01,"quantile",0.1,1507
"40",2025-02-01,"Queens",0,"ILI ED visits",2025-02-01,"quantile",0.25,1691
"41",2025-02-01,"Queens",0,"ILI ED visits",2025-02-01,"quantile",0.5,1919.5
"42",2025-02-01,"Queens",0,"ILI ED visits",2025-02-01,"quantile",0.75,2174
"43",2025-02-01,"Queens",0,"ILI ED visits",2025-02-01,"quantile",0.9,2443.1
"44",2025-02-01,"Queens",0,"ILI ED visits",2025-02-01,"quantile",0.95,2601
"45",2025-02-01,"Queens",0,"ILI ED visits",2025-02-01,"quantile",0.975,2743.05
"46",2025-02-01,"Staten Island",0,"ILI ED visits",2025-02-01,"quantile",0.025,124
"47",2025-02-01,"Staten Island",0,"ILI ED visits",2025-02-01,"quantile",0.05,133
"48",2025-02-01,"Staten Island",0,"ILI ED visits",2025-02-01,"quantile",0.1,143.9
"49",2025-02-01,"Staten Island",0,"ILI ED visits",2025-02-01,"quantile",0.25,161
"50",2025-02-01,"Staten Island",0,"ILI ED visits",2025-02-01,"quantile",0.5,185
"51",2025-02-01,"Staten Island",0,"ILI ED visits",2025-02-01,"quantile",0.75,211
"52",2025-02-01,"Staten Island",0,"ILI ED visits",2025-02-01,"quantile",0.9,238
"53",2025-02-01,"Staten Island",0,"ILI ED visits",2025-02-01,"quantile",0.95,254
"54",2025-02-01,"Staten Island",0,"ILI ED visits",2025-02-01,"quantile",0.975,267.025
"55",2025-02-01,"Bronx",1,"ILI ED visits",2025-02-08,"quantile",0.025,960.925
"56",2025-02-01,"Bronx",1,"ILI ED visits",2025-02-08,"quantile",0.05,1034
"57",2025-02-01,"Bronx",1,"ILI ED visits",2025-02-08,"quantile",0.1,1109.9
"58",2025-02-01,"Bronx",1,"ILI ED visits",2025-02-08,"quantile",0.25,1273
"59",2025-02-01,"Bronx",1,"ILI ED visits",2025-02-08,"quantile",0.5,1465
"60",2025-02-01,"Bronx",1,"ILI ED visits",2025-02-08,"quantile",0.75,1708
"61",2025-02-01,"Bronx",1,"ILI ED visits",2025-02-08,"quantile",0.9,1945.1
"62",2025-02-01,"Bronx",1,"ILI ED visits",2025-02-08,"quantile",0.95,2120
"63",2025-02-01,"Bronx",1,"ILI ED visits",2025-02-08,"quantile",0.975,2268.05
"64",2025-02-01,"Brooklyn",1,"ILI ED visits",2025-02-08,"quantile",0.025,1058.975
"65",2025-02-01,"Brooklyn",1,"ILI ED visits",2025-02-08,"quantile",0.05,1131
"66",2025-02-01,"Brooklyn",1,"ILI ED visits",2025-02-08,"quantile",0.1,1226.8
"67",2025-02-01,"Brooklyn",1,"ILI ED visits",2025-02-08,"quantile",0.25,1391
"68",2025-02-01,"Brooklyn",1,"ILI ED visits",2025-02-08,"quantile",0.5,1610.5
"69",2025-02-01,"Brooklyn",1,"ILI ED visits",2025-02-08,"quantile",0.75,1869
"70",2025-02-01,"Brooklyn",1,"ILI ED visits",2025-02-08,"quantile",0.9,2154
"71",2025-02-01,"Brooklyn",1,"ILI ED visits",2025-02-08,"quantile",0.95,2330
"72",2025-02-01,"Brooklyn",1,"ILI ED visits",2025-02-08,"quantile",0.975,2509.025
"73",2025-02-01,"Manhattan",1,"ILI ED visits",2025-02-08,"quantile",0.025,559
"74",2025-02-01,"Manhattan",1,"ILI ED visits",2025-02-08,"quantile",0.05,600
"75",2025-02-01,"Manhattan",1,"ILI ED visits",2025-02-08,"quantile",0.1,650
"76",2025-02-01,"Manhattan",1,"ILI ED visits",2025-02-08,"quantile",0.25,746
"77",2025-02-01,"Manhattan",1,"ILI ED visits",2025-02-08,"quantile",0.5,864
"78",2025-02-01,"Manhattan",1,"ILI ED visits",2025-02-08,"quantile",0.75,1007
"79",2025-02-01,"Manhattan",1,"ILI ED visits",2025-02-08,"quantile",0.9,1149
"80",2025-02-01,"Manhattan",1,"ILI ED visits",2025-02-08,"quantile",0.95,1254.05
"81",2025-02-01,"Manhattan",1,"ILI ED visits",2025-02-08,"quantile",0.975,1341
"82",2025-02-01,"NYC",1,"ILI ED visits",2025-02-08,"quantile",0.025,4049.925
"83",2025-02-01,"NYC",1,"ILI ED visits",2025-02-08,"quantile",0.05,4314.75
"84",2025-02-01,"NYC",1,"ILI ED visits",2025-02-08,"quantile",0.1,4689
"85",2025-02-01,"NYC",1,"ILI ED visits",2025-02-08,"quantile",0.25,5314
"86",2025-02-01,"NYC",1,"ILI ED visits",2025-02-08,"quantile",0.5,6186
"87",2025-02-01,"NYC",1,"ILI ED visits",2025-02-08,"quantile",0.75,7148
"88",2025-02-01,"NYC",1,"ILI ED visits",2025-02-08,"quantile",0.9,8196.2
"89",2025-02-01,"NYC",1,"ILI ED visits",2025-02-08,"quantile",0.95,8893.1
"90",2025-02-01,"NYC",1,"ILI ED visits",2025-02-08,"quantile",0.975,9556.325
"91",2025-02-01,"Queens",1,"ILI ED visits",2025-02-08,"quantile",0.025,1173.925
"92",2025-02-01,"Queens",1,"ILI ED visits",2025-02-08,"quantile",0.05,1263
"93",2025-02-01,"Queens",1,"ILI ED visits",2025-02-08,"quantile",0.1,1369
"94",2025-02-01,"Queens",1,"ILI ED visits",2025-02-08,"quantile",0.25,1566
"95",2025-02-01,"Queens",1,"ILI ED visits",2025-02-08,"quantile",0.5,1821
"96",2025-02-01,"Queens",1,"ILI ED visits",2025-02-08,"quantile",0.75,2111.25
"97",2025-02-01,"Queens",1,"ILI ED visits",2025-02-08,"quantile",0.9,2414
"98",2025-02-01,"Queens",1,"ILI ED visits",2025-02-08,"quantile",0.95,2598
"99",2025-02-01,"Queens",1,"ILI ED visits",2025-02-08,"quantile",0.975,2806.05
"100",2025-02-01,"Staten Island",1,"ILI ED visits",2025-02-08,"quantile",0.025,111
"101",2025-02-01,"Staten Island",1,"ILI ED visits",2025-02-08,"quantile",0.05,119
"102",2025-02-01,"Staten Island",1,"ILI ED visits",2025-02-08,"quantile",0.1,130
"103",2025-02-01,"Staten Island",1,"ILI ED visits",2025-02-08,"quantile",0.25,150
"104",2025-02-01,"Staten Island",1,"ILI ED visits",2025-02-08,"quantile",0.5,176
"105",2025-02-01,"Staten Island",1,"ILI ED visits",2025-02-08,"quantile",0.75,205
"106",2025-02-01,"Staten Island",1,"ILI ED visits",2025-02-08,"quantile",0.9,235
"107",2025-02-01,"Staten Island",1,"ILI ED visits",2025-02-08,"quantile",0.95,255
"108",2025-02-01,"Staten Island",1,"ILI ED visits",2025-02-08,"quantile",0.975,276
"109",2025-02-01,"Bronx",2,"ILI ED visits",2025-02-15,"quantile",0.025,825.95
"110",2025-02-01,"Bronx",2,"ILI ED visits",2025-02-15,"quantile",0.05,894.95
"111",2025-02-01,"Bronx",2,"ILI ED visits",2025-02-15,"quantile",0.1,975
"112",2025-02-01,"Bronx",2,"ILI ED visits",2025-02-15,"quantile",0.25,1146
"113",2025-02-01,"Bronx",2,"ILI ED visits",2025-02-15,"quantile",0.5,1354
"114",2025-02-01,"Bronx",2,"ILI ED visits",2025-02-15,"quantile",0.75,1595
"115",2025-02-01,"Bronx",2,"ILI ED visits",2025-02-15,"quantile",0.9,1852
"116",2025-02-01,"Bronx",2,"ILI ED visits",2025-02-15,"quantile",0.95,2027
"117",2025-02-01,"Bronx",2,"ILI ED visits",2025-02-15,"quantile",0.975,2199.075
"118",2025-02-01,"Brooklyn",2,"ILI ED visits",2025-02-15,"quantile",0.025,909
"119",2025-02-01,"Brooklyn",2,"ILI ED visits",2025-02-15,"quantile",0.05,982
"120",2025-02-01,"Brooklyn",2,"ILI ED visits",2025-02-15,"quantile",0.1,1078.8
"121",2025-02-01,"Brooklyn",2,"ILI ED visits",2025-02-15,"quantile",0.25,1254.75
"122",2025-02-01,"Brooklyn",2,"ILI ED visits",2025-02-15,"quantile",0.5,1480
"123",2025-02-01,"Brooklyn",2,"ILI ED visits",2025-02-15,"quantile",0.75,1748
"124",2025-02-01,"Brooklyn",2,"ILI ED visits",2025-02-15,"quantile",0.9,2037
"125",2025-02-01,"Brooklyn",2,"ILI ED visits",2025-02-15,"quantile",0.95,2246.15
"126",2025-02-01,"Brooklyn",2,"ILI ED visits",2025-02-15,"quantile",0.975,2452
"127",2025-02-01,"Manhattan",2,"ILI ED visits",2025-02-15,"quantile",0.025,476.975
"128",2025-02-01,"Manhattan",2,"ILI ED visits",2025-02-15,"quantile",0.05,519.95
"129",2025-02-01,"Manhattan",2,"ILI ED visits",2025-02-15,"quantile",0.1,574
"130",2025-02-01,"Manhattan",2,"ILI ED visits",2025-02-15,"quantile",0.25,666
"131",2025-02-01,"Manhattan",2,"ILI ED visits",2025-02-15,"quantile",0.5,791
"132",2025-02-01,"Manhattan",2,"ILI ED visits",2025-02-15,"quantile",0.75,940
"133",2025-02-01,"Manhattan",2,"ILI ED visits",2025-02-15,"quantile",0.9,1094
"134",2025-02-01,"Manhattan",2,"ILI ED visits",2025-02-15,"quantile",0.95,1184
"135",2025-02-01,"Manhattan",2,"ILI ED visits",2025-02-15,"quantile",0.975,1286.075
"136",2025-02-01,"NYC",2,"ILI ED visits",2025-02-15,"quantile",0.025,3439.95
"137",2025-02-01,"NYC",2,"ILI ED visits",2025-02-15,"quantile",0.05,3704.95
"138",2025-02-01,"NYC",2,"ILI ED visits",2025-02-15,"quantile",0.1,4083
"139",2025-02-01,"NYC",2,"ILI ED visits",2025-02-15,"quantile",0.25,4792.75
"140",2025-02-01,"NYC",2,"ILI ED visits",2025-02-15,"quantile",0.5,5665.5
"141",2025-02-01,"NYC",2,"ILI ED visits",2025-02-15,"quantile",0.75,6713.25
"142",2025-02-01,"NYC",2,"ILI ED visits",2025-02-15,"quantile",0.9,7787.4
"143",2025-02-01,"NYC",2,"ILI ED visits",2025-02-15,"quantile",0.95,8487.25
"144",2025-02-01,"NYC",2,"ILI ED visits",2025-02-15,"quantile",0.975,9125.2
"145",2025-02-01,"Queens",2,"ILI ED visits",2025-02-15,"quantile",0.025,1006
"146",2025-02-01,"Queens",2,"ILI ED visits",2025-02-15,"quantile",0.05,1091.95
"147",2025-02-01,"Queens",2,"ILI ED visits",2025-02-15,"quantile",0.1,1203.9
"148",2025-02-01,"Queens",2,"ILI ED visits",2025-02-15,"quantile",0.25,1405
"149",2025-02-01,"Queens",2,"ILI ED visits",2025-02-15,"quantile",0.5,1667
"150",2025-02-01,"Queens",2,"ILI ED visits",2025-02-15,"quantile",0.75,1960
"151",2025-02-01,"Queens",2,"ILI ED visits",2025-02-15,"quantile",0.9,2290
"152",2025-02-01,"Queens",2,"ILI ED visits",2025-02-15,"quantile",0.95,2529.1
"153",2025-02-01,"Queens",2,"ILI ED visits",2025-02-15,"quantile",0.975,2729.025
"154",2025-02-01,"Staten Island",2,"ILI ED visits",2025-02-15,"quantile",0.025,95
"155",2025-02-01,"Staten Island",2,"ILI ED visits",2025-02-15,"quantile",0.05,104
"156",2025-02-01,"Staten Island",2,"ILI ED visits",2025-02-15,"quantile",0.1,115
"157",2025-02-01,"Staten Island",2,"ILI ED visits",2025-02-15,"quantile",0.25,135
"158",2025-02-01,"Staten Island",2,"ILI ED visits",2025-02-15,"quantile",0.5,161
"159",2025-02-01,"Staten Island",2,"ILI ED visits",2025-02-15,"quantile",0.75,192
"160",2025-02-01,"Staten Island",2,"ILI ED visits",2025-02-15,"quantile",0.9,224
"161",2025-02-01,"Staten Island",2,"ILI ED visits",2025-02-15,"quantile",0.95,247.05
"162",2025-02-01,"Staten Island",2,"ILI ED visits",2025-02-15,"quantile",0.975,268
"163",2025-02-01,"Bronx",3,"ILI ED visits",2025-02-22,"quantile",0.025,682
"164",2025-02-01,"Bronx",3,"ILI ED visits",2025-02-22,"quantile",0.05,753.95
"165",2025-02-01,"Bronx",3,"ILI ED visits",2025-02-22,"quantile",0.1,840
"166",2025-02-01,"Bronx",3,"ILI ED visits",2025-02-22,"quantile",0.25,989.75
"167",2025-02-01,"Bronx",3,"ILI ED visits",2025-02-22,"quantile",0.5,1194
"168",2025-02-01,"Bronx",3,"ILI ED visits",2025-02-22,"quantile",0.75,1431
"169",2025-02-01,"Bronx",3,"ILI ED visits",2025-02-22,"quantile",0.9,1700
"170",2025-02-01,"Bronx",3,"ILI ED visits",2025-02-22,"quantile",0.95,1896
"171",2025-02-01,"Bronx",3,"ILI ED visits",2025-02-22,"quantile",0.975,2068.05
"172",2025-02-01,"Brooklyn",3,"ILI ED visits",2025-02-22,"quantile",0.025,768.975
"173",2025-02-01,"Brooklyn",3,"ILI ED visits",2025-02-22,"quantile",0.05,841
"174",2025-02-01,"Brooklyn",3,"ILI ED visits",2025-02-22,"quantile",0.1,926
"175",2025-02-01,"Brooklyn",3,"ILI ED visits",2025-02-22,"quantile",0.25,1086
"176",2025-02-01,"Brooklyn",3,"ILI ED visits",2025-02-22,"quantile",0.5,1313
"177",2025-02-01,"Brooklyn",3,"ILI ED visits",2025-02-22,"quantile",0.75,1574.25
"178",2025-02-01,"Brooklyn",3,"ILI ED visits",2025-02-22,"quantile",0.9,1855.2
"179",2025-02-01,"Brooklyn",3,"ILI ED visits",2025-02-22,"quantile",0.95,2060.05
"180",2025-02-01,"Brooklyn",3,"ILI ED visits",2025-02-22,"quantile",0.975,2240.025
"181",2025-02-01,"Manhattan",3,"ILI ED visits",2025-02-22,"quantile",0.025,411
"182",2025-02-01,"Manhattan",3,"ILI ED visits",2025-02-22,"quantile",0.05,445
"183",2025-02-01,"Manhattan",3,"ILI ED visits",2025-02-22,"quantile",0.1,492
"184",2025-02-01,"Manhattan",3,"ILI ED visits",2025-02-22,"quantile",0.25,584
"185",2025-02-01,"Manhattan",3,"ILI ED visits",2025-02-22,"quantile",0.5,701.5
"186",2025-02-01,"Manhattan",3,"ILI ED visits",2025-02-22,"quantile",0.75,845
"187",2025-02-01,"Manhattan",3,"ILI ED visits",2025-02-22,"quantile",0.9,997
"188",2025-02-01,"Manhattan",3,"ILI ED visits",2025-02-22,"quantile",0.95,1108
"189",2025-02-01,"Manhattan",3,"ILI ED visits",2025-02-22,"quantile",0.975,1199.05
"190",2025-02-01,"NYC",3,"ILI ED visits",2025-02-22,"quantile",0.025,2905.9
"191",2025-02-01,"NYC",3,"ILI ED visits",2025-02-22,"quantile",0.05,3186.8
"192",2025-02-01,"NYC",3,"ILI ED visits",2025-02-22,"quantile",0.1,3530.7
"193",2025-02-01,"NYC",3,"ILI ED visits",2025-02-22,"quantile",0.25,4178
"194",2025-02-01,"NYC",3,"ILI ED visits",2025-02-22,"quantile",0.5,5029.5
"195",2025-02-01,"NYC",3,"ILI ED visits",2025-02-22,"quantile",0.75,6021
"196",2025-02-01,"NYC",3,"ILI ED visits",2025-02-22,"quantile",0.9,7138.6
"197",2025-02-01,"NYC",3,"ILI ED visits",2025-02-22,"quantile",0.95,7837.05
"198",2025-02-01,"NYC",3,"ILI ED visits",2025-02-22,"quantile",0.975,8475.025
"199",2025-02-01,"Queens",3,"ILI ED visits",2025-02-22,"quantile",0.025,863.975
"200",2025-02-01,"Queens",3,"ILI ED visits",2025-02-22,"quantile",0.05,937
"201",2025-02-01,"Queens",3,"ILI ED visits",2025-02-22,"quantile",0.1,1036
"202",2025-02-01,"Queens",3,"ILI ED visits",2025-02-22,"quantile",0.25,1226
"203",2025-02-01,"Queens",3,"ILI ED visits",2025-02-22,"quantile",0.5,1470
"204",2025-02-01,"Queens",3,"ILI ED visits",2025-02-22,"quantile",0.75,1773
"205",2025-02-01,"Queens",3,"ILI ED visits",2025-02-22,"quantile",0.9,2097
"206",2025-02-01,"Queens",3,"ILI ED visits",2025-02-22,"quantile",0.95,2311.05
"207",2025-02-01,"Queens",3,"ILI ED visits",2025-02-22,"quantile",0.975,2509.025
"208",2025-02-01,"Staten Island",3,"ILI ED visits",2025-02-22,"quantile",0.025,80.975
"209",2025-02-01,"Staten Island",3,"ILI ED visits",2025-02-22,"quantile",0.05,89
"210",2025-02-01,"Staten Island",3,"ILI ED visits",2025-02-22,"quantile",0.1,98
"211",2025-02-01,"Staten Island",3,"ILI ED visits",2025-02-22,"quantile",0.25,117.75
"212",2025-02-01,"Staten Island",3,"ILI ED visits",2025-02-22,"quantile",0.5,143
"213",2025-02-01,"Staten Island",3,"ILI ED visits",2025-02-22,"quantile",0.75,172
"214",2025-02-01,"Staten Island",3,"ILI ED visits",2025-02-22,"quantile",0.9,206
"215",2025-02-01,"Staten Island",3,"ILI ED visits",2025-02-22,"quantile",0.95,227
"216",2025-02-01,"Staten Island",3,"ILI ED visits",2025-02-22,"quantile",0.975,248
